587 805
256 561
116 93
76 667
60 408
18 797
12 123
60 244
74 720
106 311
78 281
99 727
107 897
177 901
134 977
124 615
121 824
132 941
152 865
159 986
213 490
212 496
187 434
242 621
225 581
396 380
292 731
266 43
263 627
280 312
277 240
281 344
367 7
294 579
292 194
341 424
382 325
536 297
467 282
427 910
415 489
478 623
471 53
553 697
539 404
538 677
543 40
577 569
567 174
733 671
667 690
629 340
602 427
590 813
587 801
590 511
622 619
611 168
626 391
660 716
641 560
632 762
658 329
664 548
662 668
702 939
699 603
690 465
670 938
694 615
701 493
700 230
719 430
717 959
712 577
728 974
725 842
730 775
863 676
804 84
745 356
742 443
738 808
762 56
761 309
762 679
837 769
833 507
813 567
856 276
841 152
858 691
903 818
883 141
878 372
898 119
949 888
904 320
974 160
988 945
